5.171915143728256226e-02 3.792205080389976501e-02 4.113840311765670776e-02 4.375736415386199951e-02 2.391399815678596497e-02 2.249018661677837372e-02 1.714495941996574402e-02 1.448484137654304504e-02 1.260342448949813843e-02 1.537044532597064972e-02 1.491887122392654419e-02 2.274527214467525482e-02 3.188964724540710449e-02 3.405407816171646118e-02 2.618124894797801971e-02 2.230887301266193390e-02 1.911069452762603760e-02 1.511131320148706436e-02 1.246102247387170792e-02 1.657970435917377472e-02 2.056218311190605164e-02 2.280068397521972656e-02 1.872279495000839233e-02 1.699698902666568756e-02 1.626561209559440613e-02 1.374388113617897034e-02 1.417369395494461060e-02 1.645460352301597595e-02 2.143906801939010620e-02 1.443346776068210602e-02 1.577269099652767181e-02 1.976799592375755310e-02 1.768126524984836578e-02 2.043737284839153290e-02 2.328238636255264282e-02 2.363405004143714905e-02 2.909338474273681641e-02 3.028720617294311523e-02 2.962170913815498352e-02 2.025021612644195557e-02 1.999579928815364838e-02 1.602860726416110992e-02 1.413209363818168640e-02 1.412199251353740692e-02 1.311428658664226532e-02 1.754482090473175049e-02 1.338424161076545715e-02 1.759509369730949402e-02 1.447070762515068054e-02 1.707292720675468445e-02 2.022543177008628845e-02 2.318656072020530701e-02 2.293312177062034607e-02 2.121094614267349243e-02 2.169463783502578735e-02 1.536682806909084320e-02 1.567575335502624512e-02 1.540983375161886215e-02 1.714894175529479980e-02 1.807234063744544983e-02 1.793392375111579895e-02 1.524240337312221527e-02 1.606910675764083862e-02 1.350136846303939819e-02 1.523881778120994568e-02 1.405606698244810104e-02 1.973193138837814331e-02 2.183828502893447876e-02 2.976513281464576721e-02 3.184527531266212463e-02 3.892100974917411804e-02 4.620043188333511353e-02 4.763540625572204590e-02 3.346559032797813416e-02 2.843027934432029724e-02 2.303896844387054443e-02 1.959388889372348785e-02 1.905944198369979858e-02 1.327155157923698425e-02 1.459832768887281418e-02 1.044634729623794556e-02 1.409874856472015381e-02 1.315168105065822601e-02 1.891855522990226746e-02 1.487256772816181183e-02 1.574427448213100433e-02 1.320661418139934540e-02 1.293342839926481247e-02 1.464495714753866196e-02 1.394859701395034790e-02 1.815162599086761475e-02 1.582772284746170044e-02 1.806775853037834167e-02 2.236991748213768005e-02 2.034291252493858337e-02 1.961206272244453430e-02 1.572009921073913574e-02 2.523406967520713806e-02 1.904542371630668640e-02 1.756875589489936829e-02 2.106972597539424896e-02 1.758071035146713257e-02 2.158281952142715454e-02 2.100970409810543060e-02 3.160123154520988464e-02 2.308385632932186127e-02 1.906983181834220886e-02 2.479509450495243073e-02 3.031501173973083496e-02 3.845155984163284302e-02 4.192258790135383606e-02 2.852507680654525757e-02 2.094921283423900604e-02 2.855595201253890991e-02 2.563833445310592651e-02 2.052432298660278320e-02 1.947472244501113892e-02 1.742360368371009827e-02 2.141490578651428223e-02 1.905961334705352783e-02 2.233941107988357544e-02 2.600244991481304169e-02 2.818260900676250458e-02 3.177203238010406494e-02 1.103692501783370972e-01
3.792205080389976501e-02 2.594834193587303162e-02 2.766400203108787537e-02 3.112003020942211151e-02 1.842419058084487915e-02 1.749206706881523132e-02 1.211803872138261795e-02 1.166448835283517838e-02 8.720319718122482300e-03 1.245792582631111145e-02 1.206965744495391846e-02 1.683840155601501465e-02 2.887218073010444641e-02 2.432936057448387146e-02 1.605262979865074158e-02 1.403426751494407654e-02 1.210590824484825134e-02 1.057154312729835510e-02 1.102412957698106766e-02 1.307371445000171661e-02 1.770189777016639709e-02 1.708496734499931335e-02 1.487041264772415161e-02 1.398404501378536224e-02 1.350573636591434479e-02 1.217524800449609756e-02 1.004457194358110428e-02 1.174656301736831665e-02 1.691623963415622711e-02 1.300081424415111542e-02 1.180306635797023773e-02 1.405536476522684097e-02 1.188260875642299652e-02 1.431651134043931961e-02 1.499895192682743073e-02 1.561865024268627167e-02 1.862883567810058594e-02 1.896172948181629181e-02 1.863873004913330078e-02 1.581877470016479492e-02 1.360616460442543030e-02 1.049268990755081177e-02 9.499292820692062378e-03 1.026048883795738220e-02 1.016096957027912140e-02 1.484915986657142639e-02 9.845559485256671906e-03 1.566503755748271942e-02 1.146304327994585037e-02 1.311532035470008850e-02 1.542435958981513977e-02 1.903011277318000793e-02 2.097836881875991821e-02 1.798269152641296387e-02 1.697363704442977905e-02 1.198910363018512726e-02 1.188581250607967377e-02 1.244601234793663025e-02 1.469845231622457504e-02 1.563714630901813507e-02 1.580094918608665466e-02 1.139289513230323792e-02 1.121419854462146759e-02 9.188853204250335693e-03 1.001030579209327698e-02 1.049989834427833557e-02 1.531726587563753128e-02 1.286233775317668915e-02 1.858377829194068909e-02 1.996728219091892242e-02 2.530591748654842377e-02 2.563425712287425995e-02 2.681635692715644836e-02 2.320004627108573914e-02 2.228565141558647156e-02 2.073191478848457336e-02 1.755523681640625000e-02 1.276445016264915466e-02 9.659193456172943115e-03 1.111449673771858215e-02 9.113330394029617310e-03 1.187593303620815277e-02 1.051134336739778519e-02 1.687758788466453552e-02 1.165942847728729248e-02 1.228984910994768143e-02 1.034884899854660034e-02 1.167981047183275223e-02 1.220162492245435715e-02 1.284907944500446320e-02 1.488147210329771042e-02 1.359838061034679413e-02 1.952203921973705292e-02 2.377806231379508972e-02 1.790819689631462097e-02 1.607479713857173920e-02 1.309136953204870224e-02 1.928493008017539978e-02 1.804936304688453674e-02 1.534307748079299927e-02 2.250934019684791565e-02 1.755408942699432373e-02 1.704563386738300323e-02 1.429112814366817474e-02 1.985401660203933716e-02 1.962925121188163757e-02 2.017568424344062805e-02 2.147049643099308014e-02 2.432334050536155701e-02 3.689275309443473816e-02 4.578439146280288696e-02 3.322730958461761475e-02 2.320152893662452698e-02 2.790837734937667847e-02 2.458873577415943146e-02 1.816060766577720642e-02 1.866205967962741852e-02 1.527994498610496521e-02 2.203262224793434143e-02 2.122564241290092468e-02 2.392492815852165222e-02 2.756960876286029816e-02 3.141200914978981018e-02 4.247159138321876526e-02 2.193407714366912842e-01
4.113840311765670776e-02 2.766400203108787537e-02 2.226706594228744507e-02 2.625861018896102905e-02 1.780267618596553802e-02 2.283643931150436401e-02 2.078654803335666656e-02 1.215486228466033936e-02 1.043231505900621414e-02 1.226457767188549042e-02 1.383760198950767517e-02 1.568102464079856873e-02 3.261930495500564575e-02 2.002989500761032104e-02 1.290893182158470154e-02 1.270074024796485901e-02 1.292506605386734009e-02 9.280527010560035706e-03 1.009816303849220276e-02 1.528013683855533600e-02 2.387010306119918823e-02 2.493121474981307983e-02 2.376959659159183502e-02 1.838094554841518402e-02 1.557041332125663757e-02 1.174681354314088821e-02 1.132598426192998886e-02 1.239515747874975204e-02 2.072348631918430328e-02 1.487094536423683167e-02 1.397121325135231018e-02 1.296180300414562225e-02 1.105335541069507599e-02 1.637398824095726013e-02 1.257175579667091370e-02 1.556919235736131668e-02 1.681379415094852448e-02 1.855323463678359985e-02 1.709692180156707764e-02 1.538174971938133240e-02 1.382343657314777374e-02 1.121805515140295029e-02 1.232232432812452316e-02 1.072270609438419342e-02 1.104800216853618622e-02 1.637355051934719086e-02 1.349596492946147919e-02 1.494787726551294327e-02 1.054188422858715057e-02 1.168076414614915848e-02 1.281361654400825500e-02 1.575289480388164520e-02 1.716524735093116760e-02 1.346310228109359741e-02 1.212686952203512192e-02 1.012728735804557800e-02 9.359171614050865173e-03 1.133067347109317780e-02 1.200659573078155518e-02 1.155089400708675385e-02 1.359014399349689484e-02 1.011616736650466919e-02 9.930754080414772034e-03 7.929191924631595612e-03 1.027994044125080109e-02 9.276958182454109192e-03 1.016961876302957535e-02 1.398544572293758392e-02 1.764768734574317932e-02 1.938584446907043457e-02 2.196951024234294891e-02 2.492304518818855286e-02 2.471096068620681763e-02 2.458296343684196472e-02 1.980786025524139404e-02 1.787452213466167450e-02 1.626110076904296875e-02 1.268896833062171936e-02 9.116806089878082275e-03 1.063165627419948578e-02 7.405935786664485931e-03 1.108656916767358780e-02 1.018256135284900665e-02 1.445790566504001617e-02 1.210428960621356964e-02 1.154735684394836426e-02 1.197064854204654694e-02 1.109129004180431366e-02 1.179718412458896637e-02 1.250327751040458679e-02 1.546040363609790802e-02 1.302157528698444366e-02 1.487029343843460083e-02 2.065623551607131958e-02 1.906913705170154572e-02 1.664589159190654755e-02 1.498863007873296738e-02 1.878474466502666473e-02 1.669985800981521606e-02 1.388537324965000153e-02 2.058531157672405243e-02 1.828398182988166809e-02 2.036970853805541992e-02 1.826494187116622925e-02 1.824435219168663025e-02 2.270481735467910767e-02 2.459206990897655487e-02 2.307750284671783447e-02 3.087558597326278687e-02 5.576161667704582214e-02 7.295879721641540527e-02 6.634501367807388306e-02 2.846683375537395477e-02 2.933691628277301788e-02 3.509259223937988281e-02 2.070880681276321411e-02 1.758497208356857300e-02 1.567098870873451233e-02 2.122002094984054565e-02 2.159290015697479248e-02 3.409346193075180054e-02 4.272267967462539673e-02 6.045424938201904297e-02 9.576164186000823975e-02 3.931266069412231445e-01
4.375736415386199951e-02 3.112003020942211151e-02 2.625861018896102905e-02 2.590833976864814758e-02 1.734533160924911499e-02 2.724662609398365021e-02 2.228163741528987885e-02 1.688328012824058533e-02 1.028083823621273041e-02 1.334652490913867950e-02 1.324278861284255981e-02 1.854342594742774963e-02 4.799921065568923950e-02 2.077090740203857422e-02 1.414142828434705734e-02 1.365081779658794403e-02 1.305318810045719147e-02 1.046589948236942291e-02 1.228060014545917511e-02 1.888910681009292603e-02 3.495917841792106628e-02 2.822173945605754852e-02 2.489303052425384521e-02 1.910276710987091064e-02 1.460940856486558914e-02 9.808853268623352051e-03 1.264666579663753510e-02 1.626744866371154785e-02 2.123369276523590088e-02 1.482272986322641373e-02 1.483370736241340637e-02 1.601278409361839294e-02 1.214414462447166443e-02 1.697066053748130798e-02 1.257763244211673737e-02 1.456887833774089813e-02 1.621252298355102539e-02 2.062582597136497498e-02 1.658703014254570007e-02 1.426863390952348709e-02 1.581137999892234802e-02 1.140700373798608780e-02 9.930016472935676575e-03 1.101489365100860596e-02 1.059898827224969864e-02 1.579690165817737579e-02 1.616683788597583771e-02 1.769795641303062439e-02 1.055207103490829468e-02 9.072180837392807007e-03 1.347770635038614273e-02 1.620948687195777893e-02 1.714954525232315063e-02 1.447154954075813293e-02 1.271759346127510071e-02 9.546520188450813293e-03 9.115181863307952881e-03 1.034952420741319656e-02 1.365166902542114258e-02 1.444381847977638245e-02 1.513515971601009369e-02 9.756291285157203674e-03 1.099377498030662537e-02 7.317825220525264740e-03 9.674062952399253845e-03 9.525958448648452759e-03 1.133848167955875397e-02 1.289180852472782135e-02 1.484822854399681091e-02 1.882122084498405457e-02 2.057806774973869324e-02 2.290197461843490601e-02 2.190472558140754700e-02 2.197047509253025055e-02 2.103425934910774231e-02 1.579801924526691437e-02 1.174264121800661087e-02 1.077483966946601868e-02 7.298581302165985107e-03 9.099459275603294373e-03 6.727664731442928314e-03 1.106385327875614166e-02 1.091709826141595840e-02 1.341190747916698456e-02 1.201689429581165314e-02 1.256591640412807465e-02 1.093177311122417450e-02 1.165276579558849335e-02 9.318044409155845642e-03 1.152235548943281174e-02 1.324236765503883362e-02 1.041631214320659637e-02 1.205488014966249466e-02 1.974447071552276611e-02 1.863897591829299927e-02 1.397922821342945099e-02 1.293087005615234375e-02 1.889077760279178619e-02 1.742662489414215088e-02 1.602036878466606140e-02 2.539365179836750031e-02 2.517544850707054138e-02 2.386027574539184570e-02 1.986470818519592285e-02 2.436461672186851501e-02 3.059240989387035370e-02 2.899443544447422028e-02 3.102873638272285461e-02 3.878723084926605225e-02 1.074990928173065186e-01 1.351952850818634033e-01 9.480580687522888184e-02 3.041186928749084473e-02 3.580184280872344971e-02 3.665848821401596069e-02 2.105521224439144135e-02 1.892346329987049103e-02 2.109367772936820984e-02 1.999996602535247803e-02 2.111313678324222565e-02 3.212711960077285767e-02 4.045944288372993469e-02 5.909207463264465332e-02 1.190169975161552429e-01 4.037328958511352539e-01
2.391399815678596497e-02 1.842419058084487915e-02 1.780267618596553802e-02 1.734533160924911499e-02 1.256543956696987152e-02 2.044494077563285828e-02 1.954248547554016113e-02 1.616110652685165405e-02 1.074501592665910721e-02 1.231108047068119049e-02 1.511178538203239441e-02 1.595540717244148254e-02 3.016858175396919250e-02 1.529016625136137009e-02 1.124277897179126740e-02 1.048531569540500641e-02 1.012742705643177032e-02 9.582638740539550781e-03 1.126852538436651230e-02 1.338778063654899597e-02 3.351925313472747803e-02 1.956171542406082153e-02 1.800220087170600891e-02 1.675012707710266113e-02 1.126316934823989868e-02 7.609239779412746429e-03 9.358653798699378967e-03 1.233421638607978821e-02 1.960363984107971191e-02 1.305407192558050156e-02 1.330893673002719879e-02 1.307072769850492477e-02 1.050749327987432480e-02 1.311808172613382339e-02 9.713585488498210907e-03 1.192274875938892365e-02 1.171176321804523468e-02 1.449605170637369156e-02 1.638340763747692108e-02 1.316832937300205231e-02 1.559554785490036011e-02 8.493356406688690186e-03 9.494624100625514984e-03 1.141348853707313538e-02 1.121106743812561035e-02 1.367841660976409912e-02 1.045311428606510162e-02 1.163892075419425964e-02 9.221684187650680542e-03 9.611464105546474457e-03 1.053593680262565613e-02 1.238640304654836655e-02 1.167161017656326294e-02 1.049461588263511658e-02 9.986098855733871460e-03 8.443819358944892883e-03 8.408164605498313904e-03 1.070130988955497742e-02 1.573870517313480377e-02 1.422226335853338242e-02 1.311491616070270538e-02 8.598335087299346924e-03 7.993787527084350586e-03 6.531764753162860870e-03 7.432945072650909424e-03 6.840775720775127411e-03 8.878961205482482910e-03 1.072147581726312637e-02 1.184477377682924271e-02 1.471206080168485641e-02 1.559548079967498779e-02 1.572540588676929474e-02 1.398482359945774078e-02 1.367879938334226608e-02 1.692048087716102600e-02 1.188408024609088898e-02 8.638568222522735596e-03 8.340952917933464050e-03 6.186462007462978363e-03 8.262639865279197693e-03 5.441922694444656372e-03 9.486639872193336487e-03 9.324975311756134033e-03 1.377068646252155304e-02 1.171108335256576538e-02 1.332924794405698776e-02 9.478366933763027191e-03 1.035546511411666870e-02 9.491578675806522369e-03 9.431932121515274048e-03 1.042406447231769562e-02 8.502512238919734955e-03 1.026939600706100464e-02 1.606112718582153320e-02 1.799100078642368317e-02 1.274407748132944107e-02 1.199427526444196701e-02 1.578871160745620728e-02 1.825380884110927582e-02 1.432222686707973480e-02 1.994031853973865509e-02 1.866673678159713745e-02 2.575380913913249969e-02 1.858171634376049042e-02 2.202468737959861755e-02 3.063597157597541809e-02 2.944012917578220367e-02 3.097195550799369812e-02 3.998907655477523804e-02 1.182853728532791138e-01 1.473694890737533569e-01 1.640128791332244873e-01 2.605444379150867462e-02 3.289069235324859619e-02 4.024814069271087646e-02 1.858076825737953186e-02 1.841580122709274292e-02 1.697401702404022217e-02 2.239868789911270142e-02 1.991439983248710632e-02 3.741899877786636353e-02 4.773588478565216064e-02 1.274947524070739746e-01 2.980414032936096191e-01 5.357298851013183594e-01
2.249018661677837372e-02 1.749206706881523132e-02 2.283643931150436401e-02 2.724662609398365021e-02 2.044494077563285828e-02 2.429901249706745148e-02 2.327056229114532471e-02 1.995894685387611389e-02 1.465592719614505768e-02 1.444837078452110291e-02 1.570074632763862610e-02 1.439076475799083710e-02 2.206832915544509888e-02 1.643657684326171875e-02 1.379705034196376801e-02 1.157552190124988556e-02 1.506133377552032471e-02 1.521257497370243073e-02 1.663486286997795105e-02 2.070332318544387817e-02 3.504919260740280151e-02 2.703350782394409180e-02 2.719839848577976227e-02 2.212302386760711670e-02 1.575850322842597961e-02 9.715400636196136475e-03 1.062332838773727417e-02 1.286740787327289581e-02 2.240297757089138031e-02 1.868360862135887146e-02 2.275186590850353241e-02 1.804582029581069946e-02 1.503523997962474823e-02 1.652075350284576416e-02 1.265450660139322281e-02 1.283165253698825836e-02 1.210766844451427460e-02 1.281616650521755219e-02 1.375984773039817810e-02 1.167858019471168518e-02 1.402987539768218994e-02 1.044158264994621277e-02 1.248524524271488190e-02 1.589832454919815063e-02 1.133391074836254120e-02 1.393276453018188477e-02 1.356804464012384415e-02 1.320503093302249908e-02 9.952113963663578033e-03 8.848389610648155212e-03 1.282839290797710419e-02 1.307034492492675781e-02 1.279806904494762421e-02 1.120521686971187592e-02 9.537789039313793182e-03 7.773539982736110687e-03 7.367522455751895905e-03 1.112107746303081512e-02 1.160487532615661621e-02 1.564548537135124207e-02 1.653654314577579498e-02 1.457163505256175995e-02 9.222663938999176025e-03 1.052873767912387848e-02 8.535067550837993622e-03 8.307195268571376801e-03 8.772889152169227600e-03 1.044527627527713776e-02 1.147088222205638885e-02 1.571195945143699646e-02 1.515560876578092575e-02 1.678851991891860962e-02 1.503708586096763611e-02 1.389773096889257431e-02 1.504140999168157578e-02 1.194780692458152771e-02 9.652847424149513245e-03 7.246243767440319061e-03 7.290274370461702347e-03 9.462571702897548676e-03 7.721868809312582016e-03 1.054824888706207275e-02 1.006270945072174072e-02 1.351260766386985779e-02 1.191207766532897949e-02 1.366863772273063660e-02 1.058076135814189911e-02 1.219393499195575714e-02 9.971642866730690002e-03 9.174363687634468079e-03 8.680250495672225952e-03 1.025197282433509827e-02 1.147699356079101562e-02 1.425469852983951569e-02 1.830615848302841187e-02 1.667333766818046570e-02 1.401961222290992737e-02 1.733621582388877869e-02 2.231039851903915405e-02 1.906234771013259888e-02 2.290172874927520752e-02 2.110165357589721680e-02 4.249807819724082947e-02 2.576347813010215759e-02 3.024934232234954834e-02 1.179359927773475647e-01 1.349319815635681152e-01 5.502180755138397217e-02 1.209304332733154297e-01 4.417692422866821289e-01 4.293469190597534180e-01 4.908750057220458984e-01 1.028349399566650391e-01 8.051510900259017944e-02 1.591615080833435059e-01 5.409167334437370300e-02 2.623111009597778320e-02 2.838761731982231140e-02 4.153909534215927124e-02 3.263054415583610535e-02 1.013692542910575867e-01 1.566244661808013916e-01 3.693429827690124512e-01 5.062265396118164062e-01 6.276000738143920898e-01
1.714495941996574402e-02 1.211803872138261795e-02 2.078654803335666656e-02 2.228163741528987885e-02 1.954248547554016113e-02 2.327056229114532471e-02 2.588037028908729553e-02 2.375163882970809937e-02 1.791260577738285065e-02 2.218226902186870575e-02 1.887647248804569244e-02 2.034272439777851105e-02 2.678943425416946411e-02 1.532362587749958038e-02 1.425465382635593414e-02 1.514185220003128052e-02 2.522379532456398010e-02 2.088175714015960693e-02 1.625558175146579742e-02 1.807496696710586548e-02 2.800242789089679718e-02 1.978486031293869019e-02 1.941183954477310181e-02 1.876951754093170166e-02 1.138124521821737289e-02 9.272817522287368774e-03 8.595603518187999725e-03 1.012778282165527344e-02 2.145837619900703430e-02 1.322688348591327667e-02 1.992813870310783386e-02 1.326800510287284851e-02 1.509411446750164032e-02 1.471494883298873901e-02 1.039654295891523361e-02 1.115087699145078659e-02 1.106323022395372391e-02 1.338454894721508026e-02 1.411597989499568939e-02 1.105873752385377884e-02 1.265693642199039459e-02 1.148180663585662842e-02 1.295072119683027267e-02 1.650647446513175964e-02 9.754670783877372742e-03 1.538743451237678528e-02 1.110130641609430313e-02 1.332054659724235535e-02 9.473538026213645935e-03 9.805678389966487885e-03 1.256586518138647079e-02 1.092339772731065750e-02 1.115832757204771042e-02 9.671241044998168945e-03 1.053970772773027420e-02 6.795933935791254044e-03 9.470428340137004852e-03 9.198945946991443634e-03 1.274739112704992294e-02 1.190809719264507294e-02 1.735604368150234222e-02 1.197626814246177673e-02 1.174020022153854370e-02 1.028474513441324234e-02 1.031781639903783798e-02 8.213210850954055786e-03 1.057315804064273834e-02 8.919406682252883911e-03 1.573684252798557281e-02 1.365723647177219391e-02 1.225861627608537674e-02 1.430781651288270950e-02 1.548645272850990295e-02 1.206843275576829910e-02 1.467011310160160065e-02 7.293993141502141953e-03 1.013723947107791901e-02 9.276144206523895264e-03 6.134144961833953857e-03 1.225642208009958267e-02 6.437900476157665253e-03 1.258823461830615997e-02 9.951918385922908783e-03 1.317874900996685028e-02 1.112251356244087219e-02 1.359525974839925766e-02 8.048441261053085327e-03 1.098827831447124481e-02 8.568427525460720062e-03 7.439658511430025101e-03 8.459031581878662109e-03 9.764411486685276031e-03 1.040692999958992004e-02 1.324459165334701538e-02 1.675198227167129517e-02 1.832678355276584625e-02 1.675149425864219666e-02 2.213050797581672668e-02 3.659275919198989868e-02 3.372038155794143677e-02 3.906305879354476929e-02 4.914668947458267212e-02 1.921127736568450928e-01 5.617029964923858643e-02 7.051920890808105469e-02 3.672349452972412109e-01 3.544991612434387207e-01 7.972675561904907227e-02 1.735201478004455566e-01 4.476156234741210938e-01 3.397299647331237793e-01 3.514432311058044434e-01 8.038502931594848633e-02 5.984284728765487671e-02 7.938096672296524048e-02 3.702603280544281006e-02 2.362123690545558929e-02 2.452643401920795441e-02 2.719451487064361572e-02 2.692121081054210663e-02 3.767876327037811279e-02 5.316620320081710815e-02 1.388613134622573853e-01 2.299695909023284912e-01 3.776575028896331787e-01
1.448484137654304504e-02 1.166448835283517838e-02 1.215486228466033936e-02 1.688328012824058533e-02 1.616110652685165405e-02 1.995894685387611389e-02 2.375163882970809937e-02 2.333664335310459137e-02 2.236605994403362274e-02 2.670449949800968170e-02 2.371326088905334473e-02 2.680035680532455444e-02 2.644955739378929138e-02 1.742607355117797852e-02 1.600908674299716949e-02 1.824855804443359375e-02 2.932348474860191345e-02 2.439290098845958710e-02 2.705337852239608765e-02 1.956504955887794495e-02 2.341400086879730225e-02 1.244533248245716095e-02 1.373205333948135376e-02 1.376740820705890656e-02 1.004896871745586395e-02 7.794241886585950851e-03 8.899006061255931854e-03 9.737532585859298706e-03 2.080087363719940186e-02 1.347211562097072601e-02 2.014159783720970154e-02 1.289075985550880432e-02 1.863181404769420624e-02 1.204912085086107254e-02 1.163952983915805817e-02 1.105790771543979645e-02 1.124668307602405548e-02 1.226507499814033508e-02 1.095950230956077576e-02 9.724952280521392822e-03 1.213786192238330841e-02 1.403980515897274017e-02 1.518450491130352020e-02 1.668845862150192261e-02 1.409648451954126358e-02 1.412452384829521179e-02 1.134480535984039307e-02 1.806060038506984711e-02 1.192857697606086731e-02 9.661776944994926453e-03 1.088481396436691284e-02 1.071263011544942856e-02 1.061839237809181213e-02 1.000084541738033295e-02 1.228946819901466370e-02 6.996103562414646149e-03 1.115206349641084671e-02 8.481644093990325928e-03 1.339084561914205551e-02 1.075558364391326904e-02 1.685736328363418579e-02 1.362782996147871017e-02 1.730921305716037750e-02 1.026273146271705627e-02 1.237529888749122620e-02 8.076251484453678131e-03 1.052301935851573944e-02 1.087366975843906403e-02 1.215573400259017944e-02 1.298526115715503693e-02 1.287289243191480637e-02 1.465042959898710251e-02 1.280111260712146759e-02 1.062914822250604630e-02 1.071381196379661560e-02 9.487879462540149689e-03 1.374931447207927704e-02 1.412034034729003906e-02 9.587725624442100525e-03 1.400423981249332428e-02 9.195471182465553284e-03 1.491853408515453339e-02 1.321743242442607880e-02 1.476827450096607208e-02 1.288686506450176239e-02 1.409773342311382294e-02 9.593261405825614929e-03 1.231491286307573318e-02 9.412275627255439758e-03 1.030023396015167236e-02 1.011066231876611710e-02 1.111124642193317413e-02 1.265174150466918945e-02 1.490560825914144516e-02 1.917329430580139160e-02 1.837382465600967407e-02 1.827802136540412903e-02 2.861965075135231018e-02 6.916506588459014893e-02 5.480828881263732910e-02 5.609346553683280945e-02 2.274615466594696045e-01 5.710588097572326660e-01 2.911177575588226318e-01 3.140325546264648438e-01 7.711501121520996094e-01 7.755767107009887695e-01 3.826956152915954590e-01 4.476562440395355225e-01 6.100702881813049316e-01 4.021036624908447266e-01 3.540866971015930176e-01 2.389828711748123169e-01 6.183875352144241333e-02 6.553662568330764771e-02 5.970183759927749634e-02 3.116584941744804382e-02 2.109612897038459778e-02 1.939241588115692139e-02 2.221032418310642242e-02 3.160732612013816833e-02 4.821521043777465820e-02 1.189168393611907959e-01 1.007030904293060303e-01 1.422927379608154297e-01
1.260342448949813843e-02 8.720319718122482300e-03 1.043231505900621414e-02 1.028083823621273041e-02 1.074501592665910721e-02 1.465592719614505768e-02 1.791260577738285065e-02 2.236605994403362274e-02 2.662762813270092010e-02 3.766740858554840088e-02 4.592233896255493164e-02 2.910389751195907593e-02 3.286450728774070740e-02 2.333355695009231567e-02 1.946412026882171631e-02 2.401875331997871399e-02 3.017763793468475342e-02 2.905442006886005402e-02 2.448640577495098114e-02 1.334579288959503174e-02 1.713981851935386658e-02 1.065398752689361572e-02 8.480414748191833496e-03 7.732739672064781189e-03 5.941675510257482529e-03 5.119047593325376511e-03 5.569932516664266586e-03 6.482607685029506683e-03 1.747870817780494690e-02 1.089661382138729095e-02 2.009375765919685364e-02 9.822061285376548767e-03 1.454717293381690979e-02 1.223838701844215393e-02 1.246960461139678955e-02 1.161510683596134186e-02 1.017025578767061234e-02 1.340468041598796844e-02 1.273132488131523132e-02 1.069618761539459229e-02 1.248169783502817154e-02 1.402860507369041443e-02 1.232380047440528870e-02 1.670864596962928772e-02 1.148803066462278366e-02 1.837900467216968536e-02 1.379401795566082001e-02 1.495064422488212585e-02 1.120232697576284409e-02 1.181170903146266937e-02 1.137568056583404541e-02 1.120100263506174088e-02 1.356580387800931931e-02 1.167565211653709412e-02 1.064158417284488678e-02 7.222733926028013229e-03 1.137479860335588455e-02 9.920392185449600220e-03 1.601335033774375916e-02 1.637562736868858337e-02 2.070521935820579529e-02 1.296222768723964691e-02 1.594660803675651550e-02 1.095911394804716110e-02 1.563730463385581970e-02 7.853118702769279480e-03 1.330658048391342163e-02 1.214168965816497803e-02 1.095281448215246201e-02 1.057854108512401581e-02 1.154296286404132843e-02 1.180654764175415039e-02 1.128371246159076691e-02 9.215775877237319946e-03 7.679170928895473480e-03 6.922469474375247955e-03 8.996565826237201691e-03 9.483458474278450012e-03 5.184840410947799683e-03 1.178975403308868408e-02 6.924723275005817413e-03 1.323807053267955780e-02 1.037978101521730423e-02 1.638300716876983643e-02 1.497457548975944519e-02 1.779598370194435120e-02 1.180472504347562790e-02 1.347203552722930908e-02 8.723573759198188782e-03 1.013524830341339111e-02 7.656849455088376999e-03 1.005756855010986328e-02 1.519236713647842407e-02 1.943920180201530457e-02 3.188332915306091309e-02 2.585944347083568573e-02 2.152242511510848999e-02 5.463262274861335754e-02 1.425881683826446533e-01 6.448638439178466797e-02 8.004332333803176880e-02 3.864606618881225586e-01 5.649813413619995117e-01 1.469672620296478271e-01 3.452919125556945801e-01 7.349485158920288086e-01 4.614412784576416016e-01 1.787973940372467041e-01 2.970673143863677979e-01 3.169947862625122070e-01 1.498955488204956055e-01 6.642380356788635254e-02 3.864657133817672729e-02 3.561151400208473206e-02 2.857953682541847229e-02 2.262151055037975311e-02 1.993019878864288330e-02 1.238663401454687119e-02 1.058885827660560608e-02 1.347080990672111511e-02 1.540052983909845352e-02 1.900636404752731323e-02 3.041990287601947784e-02 3.165152296423912048e-02 4.175706207752227783e-02
1.537044532597064972e-02 1.245792582631111145e-02 1.226457767188549042e-02 1.334652490913867950e-02 1.231108047068119049e-02 1.444837078452110291e-02 2.218226902186870575e-02 2.670449949800968170e-02 3.766740858554840088e-02 9.315448254346847534e-02 5.487639456987380981e-02 3.470105677843093872e-02 4.299096763134002686e-02 2.859396114945411682e-02 3.107772767543792725e-02 3.344891965389251709e-02 3.858072683215141296e-02 3.471570461988449097e-02 2.322326414287090302e-02 1.345365867018699646e-02 1.349233277142047882e-02 7.638291455805301666e-03 6.895968224853277206e-03 6.570208352059125900e-03 5.432312376797199249e-03 4.947169683873653412e-03 5.942728836089372635e-03 8.333984762430191040e-03 1.661640591919422150e-02 1.242069806903600693e-02 2.369529567658901215e-02 1.404987275600433350e-02 2.207406982779502869e-02 1.515389047563076019e-02 1.731850579380989075e-02 1.399848237633705139e-02 1.090746652334928513e-02 1.544725894927978516e-02 9.708160534501075745e-03 1.380606275051832199e-02 1.392068061977624893e-02 1.481488533318042755e-02 1.770084723830223083e-02 2.205739542841911316e-02 1.397664844989776611e-02 1.797429472208023071e-02 1.058459188789129257e-02 1.615650579333305359e-02 1.247674971818923950e-02 1.464687846601009369e-02 1.319951377809047699e-02 1.472180150449275970e-02 1.392475515604019165e-02 1.459294185042381287e-02 1.110166870057582855e-02 6.696884054690599442e-03 1.375881209969520569e-02 1.206917315721511841e-02 1.850778982043266296e-02 1.926158554852008820e-02 2.922243624925613403e-02 1.648908481001853943e-02 1.967258378863334656e-02 1.694833673536777496e-02 1.796843670308589935e-02 1.386821083724498749e-02 1.384239085018634796e-02 1.455535553395748138e-02 1.223117485642433167e-02 1.258450839668512344e-02 1.162129081785678864e-02 1.255801599472761154e-02 1.359163504093885422e-02 1.144886203110218048e-02 1.057651080191135406e-02 1.074960641562938690e-02 1.109490171074867249e-02 1.066072192043066025e-02 7.553575560450553894e-03 1.222416013479232788e-02 8.559595793485641479e-03 1.593681797385215759e-02 1.169380359351634979e-02 2.042724378407001495e-02 2.172337844967842102e-02 1.839157007634639740e-02 1.139237359166145325e-02 1.505710091441869736e-02 9.226727299392223358e-03 1.171465031802654266e-02 7.625085301697254181e-03 1.127829216420650482e-02 1.862743310630321503e-02 3.343701362609863281e-02 7.105541229248046875e-02 4.698531329631805420e-02 4.032273590564727783e-02 2.524863779544830322e-01 5.209662914276123047e-01 3.040294647216796875e-01 3.897777199745178223e-01 7.804174423217773438e-01 8.104864358901977539e-01 5.055392980575561523e-01 6.212424039840698242e-01 7.946749925613403320e-01 4.611057043075561523e-01 1.432722657918930054e-01 2.222938537597656250e-01 1.725810766220092773e-01 6.599445641040802002e-02 3.797348588705062866e-02 2.505651861429214478e-02 2.338675037026405334e-02 1.638547703623771667e-02 1.286207977682352066e-02 1.404096744954586029e-02 9.877094998955726624e-03 7.900062017142772675e-03 1.219782046973705292e-02 1.366926915943622589e-02 1.365120708942413330e-02 2.015590295195579529e-02 1.970423944294452667e-02 1.867556944489479065e-02
1.491887122392654419e-02 1.206965744495391846e-02 1.383760198950767517e-02 1.324278861284255981e-02 1.511178538203239441e-02 1.570074632763862610e-02 1.887647248804569244e-02 2.371326088905334473e-02 4.592233896255493164e-02 5.487639456987380981e-02 4.814819991588592529e-02 3.952703997492790222e-02 5.788483470678329468e-02 3.517169132828712463e-02 3.042076528072357178e-02 3.152720630168914795e-02 3.995172679424285889e-02 2.852958440780639648e-02 1.642888784408569336e-02 1.306032389402389526e-02 1.107764244079589844e-02 9.183761663734912872e-03 8.792366832494735718e-03 7.452675141394138336e-03 6.024982314556837082e-03 4.881552420556545258e-03 5.704000592231750488e-03 6.192979868501424789e-03 1.527152583003044128e-02 8.628347888588905334e-03 1.302405726164579391e-02 1.333129964768886566e-02 1.249805744737386703e-02 1.385317184031009674e-02 1.366878580302000046e-02 1.223488338291645050e-02 1.264571771025657654e-02 1.717952266335487366e-02 1.231678854674100876e-02 1.478959433734416962e-02 1.543334499001502991e-02 1.305158995091915131e-02 1.441338844597339630e-02 1.328065246343612671e-02 1.183370407670736313e-02 1.330832298845052719e-02 1.410329341888427734e-02 1.813275739550590515e-02 1.415406912565231323e-02 1.535716652870178223e-02 1.373919285833835602e-02 1.979614607989788055e-02 1.440741773694753647e-02 1.529086939990520477e-02 1.443986780941486359e-02 9.004019200801849365e-03 1.856356114149093628e-02 1.604422554373741150e-02 1.757356524467468262e-02 2.080417796969413757e-02 1.796892657876014709e-02 1.336894277483224869e-02 1.461100578308105469e-02 1.137191057205200195e-02 1.295504905283451080e-02 1.045419462025165558e-02 1.087021455168724060e-02 1.091611385345458984e-02 1.304606534540653229e-02 1.273018307983875275e-02 1.277907937765121460e-02 1.429892331361770630e-02 1.327291689813137054e-02 1.096001733094453812e-02 1.084374450147151947e-02 9.752389974892139435e-03 9.387642145156860352e-03 1.046937238425016403e-02 5.711419507861137390e-03 1.229096204042434692e-02 7.388365454971790314e-03 1.201454550027847290e-02 9.235288947820663452e-03 1.609879545867443085e-02 2.112691663205623627e-02 1.893047615885734558e-02 1.414477452635765076e-02 1.433208491653203964e-02 1.060940884053707123e-02 1.467740908265113831e-02 1.271020527929067612e-02 2.086013555526733398e-02 3.485365957021713257e-02 7.417193055152893066e-02 1.675821542739868164e-01 6.810653209686279297e-02 6.842014938592910767e-02 3.468895852565765381e-01 4.013973474502563477e-01 1.389038711786270142e-01 3.385078310966491699e-01 6.973499059677124023e-01 4.904602766036987305e-01 1.581280827522277832e-01 4.292965531349182129e-01 5.793998241424560547e-01 1.423380374908447266e-01 8.709261566400527954e-02 1.866548657417297363e-01 1.107243597507476807e-01 4.782404750585556030e-02 3.049682080745697021e-02 2.095031924545764923e-02 2.983678504824638367e-02 1.662539690732955933e-02 1.325476542115211487e-02 1.372914016246795654e-02 8.649636991322040558e-03 7.675657980144023895e-03 9.378589689731597900e-03 1.157888956367969513e-02 1.081404648721218109e-02 1.287053804844617844e-02 1.315486524254083633e-02 1.408796850591897964e-02
2.274527214467525482e-02 1.683840155601501465e-02 1.568102464079856873e-02 1.854342594742774963e-02 1.595540717244148254e-02 1.439076475799083710e-02 2.034272439777851105e-02 2.680035680532455444e-02 2.910389751195907593e-02 3.470105677843093872e-02 3.952703997492790222e-02 3.379226848483085632e-02 6.063587963581085205e-02 3.978980332612991333e-02 3.695765137672424316e-02 2.625739760696887970e-02 2.432801201939582825e-02 1.709808409214019775e-02 1.415131613612174988e-02 1.269903406500816345e-02 1.047224178910255432e-02 8.010152727365493774e-03 8.607544004917144775e-03 6.249943748116493225e-03 6.321250461041927338e-03 5.919272080063819885e-03 5.987981799989938736e-03 8.234325796365737915e-03 1.455371640622615814e-02 9.792925789952278137e-03 1.221630256623029709e-02 1.437931694090366364e-02 1.367297954857349396e-02 1.467442605644464493e-02 1.422841940075159073e-02 1.367179863154888153e-02 1.327574439346790314e-02 1.995139755308628082e-02 1.436579227447509766e-02 1.430567726492881775e-02 1.720349118113517761e-02 1.283869706094264984e-02 1.172498334199190140e-02 1.164742000401020050e-02 1.372423768043518066e-02 1.812231726944446564e-02 1.583210006356239319e-02 1.924161426723003387e-02 1.630626060068607330e-02 1.192068308591842651e-02 1.348956860601902008e-02 1.453286781907081604e-02 1.339071989059448242e-02 1.235019601881504059e-02 1.031150110065937042e-02 7.964596152305603027e-03 1.408407837152481079e-02 1.729971170425415039e-02 2.068465948104858398e-02 2.129608392715454102e-02 1.938273012638092041e-02 1.551694236695766449e-02 1.553951390087604523e-02 1.284191757440567017e-02 1.135797239840030670e-02 1.082127075642347336e-02 1.173594966530799866e-02 1.092396304011344910e-02 1.272282190620899200e-02 1.250795274972915649e-02 1.561798993498086929e-02 1.652039401233196259e-02 1.397631131112575531e-02 1.449698675423860550e-02 1.284491270780563354e-02 1.323784608393907547e-02 1.106847450137138367e-02 1.131374761462211609e-02 7.896535098552703857e-03 1.223357953131198883e-02 8.367963135242462158e-03 1.071709487587213516e-02 1.045286096632480621e-02 1.818810775876045227e-02 1.861509121954441071e-02 2.266486547887325287e-02 1.391321886330842972e-02 1.683719456195831299e-02 1.306968368589878082e-02 2.028730325400829315e-02 1.947110146284103394e-02 3.200096264481544495e-02 7.063129544258117676e-02 1.957251429557800293e-01 3.515623807907104492e-01 1.787355840206146240e-01 1.728805303573608398e-01 6.065944433212280273e-01 5.741540789604187012e-01 2.963939309120178223e-01 5.505511164665222168e-01 7.373080253601074219e-01 4.574353694915771484e-01 1.585355699062347412e-01 3.844148516654968262e-01 3.478871583938598633e-01 5.163054913282394409e-02 4.279003292322158813e-02 8.099007606506347656e-02 4.176239669322967529e-02 2.667503058910369873e-02 1.788102649152278900e-02 1.508692279458045959e-02 2.254537865519523621e-02 1.426564343273639679e-02 1.415139064192771912e-02 1.291262172162532806e-02 1.159887202084064484e-02 8.879208937287330627e-03 1.005896180868148804e-02 9.845842607319355011e-03 1.147415395826101303e-02 9.762503206729888916e-03 8.719183504581451416e-03 1.428659446537494659e-02
